#1
float table2D_1(11,38)
0.0 0.0 10.0 20.0 30.0 40.0 50.0 60.0 70.0 80.0 90.0 100.0 110.0 120.0 130.0 140.0 150.0 160.0 170.0 180.0 190.0 200.0 210.0 220.0 230.0 240.0 250.0 260.0 270.0 280.0 290.0 300.0 310.0 320.0 330.0 340.0 350.0 360.0 
0.0 0.0 0.0 0.0 0.0 0.0 0.0 0.0 0.0 0.0 0.0 0.0 0.0 0.0 0.0 0.0 0.0 0.0 0.0 0.0 0.0 0.0 0.0 0.0 0.0 0.0 0.0 0.0 0.0 0.0 0.0 0.0 0.0 0.0 0.0 0.0 0.0 0.0 
10.0 0.871639437517 0.903222878119 0.900321698683 0.828267732271 0.86868773432 0.887222539128 0.887732401337 0.755381639565 0.498692027542 0.348504236992 0.561179859114 0.719497263234 0.758496070262 0.734936170529 0.681459842381 0.665632300329 0.738460278457 0.715292484383 0.527673306394 0.725540387985 0.780768447288 0.715714735489 0.74487916813 0.816580213011 0.850180694409 0.794589799823 0.622723247952 0.429136840967 0.524740101145 0.777330823684 0.933281287382 0.92669938476 0.904047450624 0.86196366606 0.916049444689 0.903608868319 0.868038335488 
20.0 0.99329399373 0.980917607427 0.997886495757 0.995766235165 0.991901396459 0.998570216475 0.9299996901 0.807784649845 0.654898301006 0.632438232559 0.747284337518 0.870260252904 0.961986942141 0.977338734524 0.953757969408 0.965616936581 0.945854787603 0.914389121922 0.873254072002 0.910205145521 0.955699584839 0.985488287677 0.986559487221 0.985821337455 0.972134889432 0.893437943009 0.782705275437 0.697369125102 0.697193021132 0.835170764331 0.951246968783 1.00882274379 0.99839300695 0.997127900585 1.00238625984 0.997890492173 0.986273969475 
30.0 0.992669962619 1.00175023609 0.993048870164 1.00812368413 0.991644563365 0.98575401316 0.981373718224 0.919255228745 0.852976017089 0.839651156208 0.883265190893 0.93816433348 0.983784137718 1.0072003788 0.993617923859 0.992238433965 0.994024803418 0.997031273701 1.00087263962 0.996757306389 1.00240635938 1.00190602065 0.996188259449 1.00206631011 0.991166405697 0.949007185714 0.90975625435 0.890364535562 0.89526311057 0.963574417598 0.996950463121 0.995009856834 0.994191131753 1.01750758825 1.00041917524 1.00141956237 0.993396880102 
40.0 1.00166491146 0.99203418824 1.00965052265 1.01294958604 1.00785045024 1.00331458903 0.996074338985 1.00240626679 0.990814276071 0.961425913282 0.959426755501 0.97601569174 0.994332000818 0.999682767543 1.00366330259 0.986104872598 1.00237952856 0.999926199253 1.0022809799 0.991633820728 0.992602603198 0.992448483248 0.998170427787 0.999848262961 0.988529798205 0.99048843929 0.962629351075 0.985512435156 0.983681313638 0.991343695296 1.00447952547 0.996251521343 0.993026533131 1.00742499614 1.00571045813 0.997127921018 1.00160436595 
50.0 0.997676902764 0.99649007175 1.00085548905 1.00124890929 0.997399938493 0.999717434958 0.984770830949 0.994195337323 0.995139468706 0.990176948368 0.989757948314 0.998248762538 1.015941371 0.998364924614 0.989071353366 1.01020934748 0.999484293481 0.995306851402 1.0020279833 0.998277640268 1.00759963705 0.99936932304 0.984339013736 0.992233130278 0.9997429127 0.997802238345 1.00527352411 0.994115569507 0.997538791193 1.00496775274 0.997864749916 0.987851635753 0.988497284386 0.996801392094 0.993503258711 1.00557767245 1.00236543903 
60.0 0.991788154247 0.999429166061 0.999556465467 1.00004151579 0.989747931549 0.993534946913 1.0027372891 1.00111329677 0.99881982495 0.994341840365 0.998063676479 0.995237479617 0.996008628737 0.990581424 1.00264407623 0.993772360323 0.996791485201 0.994876084984 0.999334416403 1.00324617515 0.999419761929 1.00108322981 0.99938868635 1.00122182411 0.996261189344 1.00070701542 0.994479632078 0.992650919817 0.999052326681 0.992591111536 0.996952597749 1.00154318826 0.98526532198 0.993991175764 0.985918118305 0.991246282029 0.994429201937 
70.0 1.00667751387 0.999428425591 0.993091228446 1.00299241274 0.989428578587 0.999845591347 0.9893193714 0.999147233587 0.99752830015 0.997674692696 0.997383849431 1.00416923218 0.990229813063 1.00338947869 0.9963980789 0.989703589063 1.00131395074 0.989909119069 1.00140420335 1.00028059033 1.00516479895 1.00665328903 1.0076493856 1.00566961496 1.00000107783 1.00550640068 1.0095433979 0.99877138394 1.00888983741 1.00108334905 0.996114269478 0.993082206534 1.00778763356 0.989525145805 0.999199954068 0.994802738978 1.00487781536 
80.0 1.00622169958 0.996821802738 1.01305685188 1.00707086933 1.00329685166 1.00216776553 1.00018071418 0.998476909728 0.999379842423 1.0028832345 0.998080228314 1.01968556058 1.0083178842 1.00380543363 1.01125231342 0.995541982144 0.992673637628 0.997785792404 0.995578601466 0.995546727406 1.00805948309 0.995755767105 1.01011770721 0.997697575141 1.00177352918 0.996283093844 1.00448083222 1.00091829624 1.00161769339 0.994733361349 1.00745060292 1.00036469216 1.00130949209 1.01867565669 0.993838690384 1.00535087209 0.996365257432 
90.0 0.991899965577 0.991899965577 0.991899965577 0.991899965577 0.991899965577 0.991899965577 0.991899965577 0.991899965577 0.991899965577 0.991899965577 0.991899965577 0.991899965577 0.991899965577 0.991899965577 0.991899965577 0.991899965577 0.991899965577 0.991899965577 0.991899965577 0.991899965577 0.991899965577 0.991899965577 0.991899965577 0.991899965577 0.991899965577 0.991899965577 0.991899965577 0.991899965577 0.991899965577 0.991899965577 0.991899965577 0.991899965577 0.991899965577 0.991899965577 0.991899965577 0.991899965577 0.991899965577 
