#1
float table2D_1(11,38)
0.0 0.0 10.0 20.0 30.0 40.0 50.0 60.0 70.0 80.0 90.0 100.0 110.0 120.0 130.0 140.0 150.0 160.0 170.0 180.0 190.0 200.0 210.0 220.0 230.0 240.0 250.0 260.0 270.0 280.0 290.0 300.0 310.0 320.0 330.0 340.0 350.0 360.0 
0.0 0.0 0.0 0.0 0.0 0.0 0.0 0.0 0.0 0.0 0.0 0.0 0.0 0.0 0.0 0.0 0.0 0.0 0.0 0.0 0.0 0.0 0.0 0.0 0.0 0.0 0.0 0.0 0.0 0.0 0.0 0.0 0.0 0.0 0.0 0.0 0.0 0.0 
10.0 0.367797921135 0.37339399556 0.390904346362 0.419741484102 0.458655432605 0.505410405288 0.557031075914 0.61065167896 0.664016679117 0.715473594321 0.763814289823 0.808134636238 0.84773954137 0.882084354885 0.910739977105 0.933372285916 0.949730022379 0.959637703615 0.962991606297 0.959757739234 0.949971266042 0.933737218876 0.911232675996 0.882710955258 0.848508913336 0.809059296331 0.764911498166 0.716766324282 0.665533394974 0.612421976836 0.559070179119 0.507679827995 0.460999882723 0.42187491519 0.392515892788 0.374256743737 0.367797921135 
20.0 0.433735370367 0.438684718192 0.454058146748 0.479212334984 0.512949157276 0.553479830614 0.598611315414 0.646120893475 0.694054908416 0.740827961588 0.785194072878 0.826179389926 0.863019003067 0.895109252733 0.921974866113 0.943247283667 0.958650718287 0.96799340251 0.971162341665 0.968120546385 0.958906198354 0.943633578563 0.922495927091 0.895770772566 0.863828732633 0.827147402195 0.786332720948 0.742150946454 0.695574227258 0.64783940216 0.600507736452 0.555485181897 0.514925265469 0.480959638879 0.455364611904 0.439382807579 0.433735370367 
30.0 0.500054419842 0.504285935867 0.517351847965 0.538664858575 0.56721229965 0.601594260151 0.640151336672 0.681157828458 0.722996162084 0.764254375179 0.803750693324 0.840517219722 0.873769709501 0.902877604333 0.927339501262 0.946764831802 0.960860913452 0.969424211736 0.972334810024 0.969553374698 0.961120199943 0.947156192497 0.927865920513 0.903543118663 0.874579319319 0.841476534028 0.804865009003 0.765526673219 0.724423226025 0.682723550117 0.641816887368 0.603287306468 0.568822038318 0.540051790646 0.518373618847 0.504828247783 0.500054419842 
40.0 0.565056020264 0.568541409278 0.579257247525 0.596723312339 0.620143401734 0.648452732666 0.680402920748 0.714671313019 0.749965026232 0.785094955874 0.819013579307 0.85082472385 0.879777309794 0.905252543575 0.92675014296 0.943876198069 0.95633354131 0.963914677435 0.966497027385 0.964040203896 0.956585117119 0.944254832711 0.927257238205 0.905889692014 0.880545898062 0.851725196737 0.820044149346 0.786249475592 0.751229744565 0.716020466085 0.681793790662 0.649822040188 0.621408083036 0.597788302071 0.580029836006 0.568947998879 0.565056020264 
50.0 0.627530180025 0.630268837871 0.638663253189 0.652353227329 0.670751926588 0.693083471579 0.718437187008 0.745831621705 0.774277159897 0.802827058954 0.830612032822 0.856859105004 0.880898635937 0.902164023684 0.920187726903 0.934596039764 0.945104014259 0.951511225467 0.953698669703 0.951626883723 0.945335293523 0.934942783413 0.920649476262 0.902739696426 0.881586005394 0.85765399957 0.831507165067 0.803810418008 0.77532999695 0.746926274146 0.719535336172 0.69413580806 0.671700314755 0.653135963702 0.639222884144 0.630560820191 0.627530180025 
60.0 0.686551423155 0.688559482088 0.694701064939 0.704729799842 0.718246446233 0.734723033351 0.753534859119 0.773996947032 0.795400596775 0.81704595375 0.838267951409 0.858454813249 0.877059786178 0.893607571382 0.9076970885 0.91900200136 0.927270084542 0.932322166752 0.934051112313 0.932421105668 0.927467370195 0.919296357782 0.90808636403 0.894088430332 0.877627264027 0.859101718815 0.838984116948 0.817817373885 0.796208566989 0.774817409903 0.754338267115 0.73547508474 0.718909971097 0.705267822729 0.695080698333 0.688755959235 0.686551423155 
70.0 0.74137561107 0.742679472612 0.746660829829 0.753172640442 0.761976305877 0.772754200959 0.785125911859 0.798666756307 0.812926978197 0.827450097678 0.84178923886 0.855520741547 0.868254850447 0.879643656774 0.889386697807 0.897234709419 0.902992014151 0.9065179566 0.907727703159 0.906592625217 0.903140392726 0.89745481957 0.889675419767 0.879996549332 0.868665919202 0.85598217077 0.842291116077 0.827980179066 0.813470564604 0.79920676812 0.785643255977 0.773228503054 0.762387028025 0.753500521392 0.746889491288 0.742796960062 0.74137561107 
80.0 0.791385548355 0.792018392839 0.793948360847 0.797110530712 0.801399040399 0.806671544793 0.812755063418 0.81945283916 0.826551788348 0.833830126415 0.841064797429 0.848038409454 0.854545466276 0.860397774565 0.865428982227 0.869498261432 0.872493186373 0.874331872665 0.87496444593 0.874373895834 0.872576352695 0.869620800306 0.865588213752 0.8605900877 0.854766301587 0.848282256971 0.841325222659 0.834099839266 0.826822769754 0.819716537726 0.813002668577 0.806894333759 0.801588784196 0.797259931704 0.794051483143 0.792071040667 0.791385548355 
90.0 0.836061424763 0.836061424763 0.836061424763 0.836061424763 0.836061424763 0.836061424763 0.836061424763 0.836061424763 0.836061424763 0.836061424763 0.836061424763 0.836061424763 0.836061424763 0.836061424763 0.836061424763 0.836061424763 0.836061424763 0.836061424763 0.836061424763 0.836061424763 0.836061424763 0.836061424763 0.836061424763 0.836061424763 0.836061424763 0.836061424763 0.836061424763 0.836061424763 0.836061424763 0.836061424763 0.836061424763 0.836061424763 0.836061424763 0.836061424763 0.836061424763 0.836061424763 0.836061424763 
