#1
float table2D_1(11,38)
0.0 0.0 10.0 20.0 30.0 40.0 50.0 60.0 70.0 80.0 90.0 100.0 110.0 120.0 130.0 140.0 150.0 160.0 170.0 180.0 190.0 200.0 210.0 220.0 230.0 240.0 250.0 260.0 270.0 280.0 290.0 300.0 310.0 320.0 330.0 340.0 350.0 360.0 
0.0 0.0 0.0 0.0 0.0 0.0 0.0 0.0 0.0 0.0 0.0 0.0 0.0 0.0 0.0 0.0 0.0 0.0 0.0 0.0 0.0 0.0 0.0 0.0 0.0 0.0 0.0 0.0 0.0 0.0 0.0 0.0 0.0 0.0 0.0 0.0 0.0 0.0 
10.0 0.892010190473 0.900545779514 0.907360651533 0.919380492211 0.939997775893 0.953941864115 0.970960173764 0.979433765804 0.981553726171 0.981782969048 0.992965648078 0.99598025217 0.998564361161 0.998839305878 0.999336510151 0.999779231846 0.999951807229 0.999900530627 1.0 0.999901832216 0.999860302299 0.999795990646 0.999393718269 0.998674155566 0.998234668611 0.996815604896 0.993506247981 0.983901909644 0.982452502954 0.980420763706 0.971925454314 0.957785370192 0.939984076404 0.925528316594 0.915511973997 0.900353087849 0.88614321267 
20.0 0.938225707379 0.942034395718 0.946966004659 0.955668941066 0.964493584629 0.969958977328 0.978325675646 0.983762097002 0.985274210829 0.989853801903 0.995414811282 0.997309096708 0.998880072979 0.999211829372 0.999803009538 0.999886144818 0.999848290734 0.99980535319 0.999756721476 0.999921453558 0.999813032142 0.999779001526 0.999657996422 0.999300180808 0.998767572743 0.997524120783 0.994607610266 0.990094864772 0.986720311399 0.983082101407 0.976078821144 0.968423724438 0.963226040714 0.955689086686 0.945511324477 0.942513934381 0.942612083579 
30.0 0.973329718291 0.975155835407 0.974768351243 0.977928679086 0.97869797209 0.98518813636 0.986954225411 0.989182255086 0.992328420507 0.994955457308 0.997038780946 0.998510485801 0.999042769554 0.999469909019 0.999663672534 0.999851728105 0.999820862918 0.99996382055 0.999929375678 0.999928291777 1.0 0.999782099695 0.999627820263 0.999585260702 0.999047256024 0.997933121621 0.997316402519 0.994448869405 0.993072856946 0.990736281804 0.988750533284 0.98520414575 0.981689568664 0.977765287852 0.975556892948 0.97360987962 0.974363344292 
40.0 0.988931120485 0.987323544419 0.987027204024 0.989299040529 0.991022586956 0.991469566395 0.994280506143 0.996359972174 0.997276691705 0.997954528555 0.998179088384 0.999213557633 0.999411056489 0.999695805978 0.999815648791 0.999853545294 0.999892487972 0.999929009716 0.999964189794 0.999856466706 0.999927975437 0.999669757015 0.999816067884 0.999580262338 0.999446734367 0.998983896887 0.99799995425 0.997960390153 0.996474264277 0.99641683764 0.995292026277 0.992273043104 0.990680560342 0.989319144843 0.98815022344 0.987628968564 0.988032206258 
50.0 0.994053242415 0.993946341297 0.994088776969 0.995699242235 0.99554829622 0.996946645437 0.99632749705 0.997869436692 0.998577164463 0.998880624874 0.999373874519 0.99956006022 0.9997686093 0.99969540875 0.999925110778 0.999854133329 0.999926632863 0.999927444223 0.999928239692 1.0 0.999856733872 0.999962756052 0.999846942089 0.999809006611 0.999688824207 0.999561675592 0.99942871017 0.99948265349 0.998623389099 0.99817516858 0.996712891798 0.996600403561 0.996017212944 0.99447812146 0.994665649466 0.9943184615 0.994663481171 
60.0 0.997233619751 0.997415198575 0.996990193025 0.997913052502 0.998318121067 0.998315354628 0.998047800155 0.998546764109 0.999313731871 0.999368508824 0.99950591287 0.999678585716 0.999803267868 0.999883668266 0.9999246348 0.999962581852 0.999963302752 0.999963403477 0.999926490008 0.999927119834 0.999925729878 1.0 0.999886881358 0.99996133024 0.99988164171 0.999732262596 0.999590124268 0.999241613163 0.999180706948 0.998485487534 0.998406452671 0.998371106235 0.997964427158 0.997801131102 0.997851999898 0.997394998355 0.996944932697 
70.0 0.998988125151 0.999127225706 0.998843796063 0.999002213782 0.999273937183 0.999246029296 0.999735196065 0.999400534258 0.999702784318 0.999752620386 0.999589997644 0.999722330505 0.999643074911 0.999765718325 0.999767446572 0.999731275486 0.999924506507 0.999922720247 0.99981312004 0.999924677445 0.999847929132 0.999961663791 0.999808985701 0.999806823974 0.999802634148 0.999721475438 0.999637918581 0.999545879825 0.999374890429 0.999273806993 0.9992126154 0.999197390849 0.999377130627 0.99945084072 0.998811484699 0.998795806456 0.999131327096 
80.0 0.999699017361 0.999519883222 0.999617163442 0.999498404897 0.999401255091 0.999576362062 0.999791357892 0.999579915143 0.999710310431 0.999797209861 0.999794647445 0.99972219151 0.999842028299 0.999761721695 0.99988239554 0.99984122481 0.999800473525 0.999804334509 0.999920445455 0.999764140069 0.999935186741 0.999764298996 0.999726047611 0.999762820914 0.999598694008 1.0 0.99963565702 0.999672173843 0.999669264465 0.999915520533 0.999750673385 0.999787926494 0.999530207029 0.99987377978 0.999566931497 0.999570277939 0.99973674413 
90.0 0.999794600107 0.999794600107 0.999794600107 0.999794600107 0.999794600107 0.999794600107 0.999794600107 0.999794600107 0.999794600107 0.999794600107 0.999794600107 0.999794600107 0.999794600107 0.999794600107 0.999794600107 0.999794600107 0.999794600107 0.999794600107 0.999794600107 0.999794600107 0.999794600107 0.999794600107 0.999794600107 0.999794600107 0.999794600107 0.999794600107 0.999794600107 0.999794600107 0.999794600107 0.999794600107 0.999794600107 0.999794600107 0.999794600107 0.999794600107 0.999794600107 0.999794600107 0.999794600107 
