#1
float table2D_1(11,38)
0.0 0.0 10.0 20.0 30.0 40.0 50.0 60.0 70.0 80.0 90.0 100.0 110.0 120.0 130.0 140.0 150.0 160.0 170.0 180.0 190.0 200.0 210.0 220.0 230.0 240.0 250.0 260.0 270.0 280.0 290.0 300.0 310.0 320.0 330.0 340.0 350.0 360.0 
0.0 0.0 0.0 0.0 0.0 0.0 0.0 0.0 0.0 0.0 0.0 0.0 0.0 0.0 0.0 0.0 0.0 0.0 0.0 0.0 0.0 0.0 0.0 0.0 0.0 0.0 0.0 0.0 0.0 0.0 0.0 0.0 0.0 0.0 0.0 0.0 0.0 0.0 
10.0 0.274521736078 0.291548558506 0.306543798097 0.306295128605 0.358121604365 0.408962785909 0.457931908443 0.432872592217 0.311681403652 0.233222790158 0.402755432348 0.552022814191 0.615907414403 0.620439767797 0.594362314214 0.595840255538 0.67183928273 0.658045163707 0.487654950625 0.667832419585 0.710167227731 0.64096673063 0.650031437417 0.689640264899 0.687932421591 0.607171139022 0.446535338678 0.288472251009 0.329088268134 0.44725788777 0.483676825228 0.431120958055 0.374805919755 0.322765963582 0.316016698202 0.292303950738 0.271579929062 
20.0 0.388008862249 0.389158372168 0.411885825416 0.437437788751 0.469886811597 0.512352992305 0.521248009532 0.492674477269 0.42939121932 0.442002985285 0.555476035824 0.681659381749 0.789746157241 0.834379985225 0.840554495645 0.871131459481 0.868274106254 0.848206947389 0.812670669333 0.844495672509 0.876681950231 0.888308421979 0.868175576833 0.841244201596 0.798252530639 0.700971148382 0.581093685439 0.489100048808 0.45901573208 0.510316717592 0.534325053321 0.519578483222 0.474649066974 0.439933867431 0.414283374675 0.39671229449 0.387089254314 
30.0 0.463827252168 0.472908380526 0.480725047972 0.509725541062 0.527986327198 0.55958142839 0.594165255371 0.593968196528 0.586250058503 0.610225551091 0.675386341908 0.749611839511 0.819600571985 0.867354498319 0.879637832878 0.898161364139 0.914747150108 0.925421170781 0.932416759714 0.924928523673 0.922235386149 0.907357443488 0.881969695856 0.863446164596 0.826202043232 0.760253017043 0.696635853832 0.647338299893 0.616531434074 0.624742219207 0.605660354557 0.566642703605 0.5326062623 0.515604463218 0.485640571339 0.472514262839 0.464664752252 
40.0 0.53734662225 0.534587798445 0.554118519349 0.573933880803 0.593902510247 0.618370649943 0.645564770304 0.683235852495 0.708787815829 0.720644189561 0.749453097665 0.792866255592 0.835693710846 0.865351066747 0.889950579006 0.891592736032 0.918359895566 0.923746170613 0.928836857396 0.915732444324 0.909196659358 0.897143226782 0.885418225612 0.866336360963 0.832146651669 0.805346648994 0.753454486953 0.739430465946 0.704945168387 0.677816734307 0.653151535767 0.61633437523 0.586479960486 0.571700547247 0.553308388549 0.537696949082 0.53672260258 
50.0 0.5971868243 0.599157412732 0.609831433405 0.624118199537 0.638930455917 0.662544673959 0.675681930172 0.709214776656 0.737098602968 0.760121644481 0.786264784345 0.818516748348 0.856713320787 0.86246087038 0.872116753697 0.905124109932 0.906010874726 0.908572639687 0.916422150275 0.911101561508 0.913367738205 0.895566756037 0.867879988568 0.857764301284 0.843707437136 0.819403513142 0.800518707336 0.765245174404 0.739890269913 0.7180824246 0.686257421424 0.655516241886 0.634646772016 0.620965258045 0.606054472244 0.604970648606 0.600306922651 
60.0 0.651640751303 0.658472124533 0.66444957611 0.674795165378 0.680871146377 0.698934873669 0.723173111382 0.741860858345 0.761205468119 0.778513803179 0.801832432957 0.818779493472 0.837697142419 0.848830967059 0.872904989069 0.876189303123 0.886896166936 0.890081951568 0.895829501161 0.897504501328 0.889228029914 0.882922146932 0.870244694686 0.858519693516 0.838321162089 0.82419861166 0.800058903369 0.777495665823 0.76192801721 0.736310367595 0.720250071875 0.705372129214 0.678046636291 0.671051047357 0.656107418415 0.653250065189 0.653085849486 
70.0 0.714962326249 0.711218208228 0.710659874839 0.723797131052 0.722680464274 0.740875564129 0.744685368431 0.765113801842 0.777758410947 0.791552529971 0.805149590151 0.8242314548 0.824724101908 0.846827535487 0.850407437805 0.852115281112 0.867847145427 0.861311360461 0.872379498821 0.87047459667 0.871197145762 0.866993223774 0.859931948559 0.849126555324 0.833230475306 0.825380964719 0.815429493138 0.793063314435 0.786921647156 0.766788802009 0.750071643478 0.735784877347 0.736376053876 0.714830953687 0.714962326249 0.707999580456 0.714009875174 
80.0 0.763701546799 0.757001546131 0.770927037716 0.769569521241 0.770894194576 0.775295175407 0.779728999379 0.784458411616 0.792373608484 0.802128021222 0.805379492135 0.829617729848 0.826826062902 0.828665278772 0.839733417132 0.830800082907 0.831128514312 0.837303024732 0.836022142251 0.835398122581 0.844178188817 0.83099714175 0.838978024899 0.823837337114 0.821308415293 0.811159884868 0.810568708339 0.800978511303 0.794377040056 0.782290764341 0.785476548972 0.774014292926 0.769810370938 0.778973607147 0.756837330428 0.763405958534 0.756180467617 
90.0 0.795723608818 0.795723608818 0.795723608818 0.795723608818 0.795723608818 0.795723608818 0.795723608818 0.795723608818 0.795723608818 0.795723608818 0.795723608818 0.795723608818 0.795723608818 0.795723608818 0.795723608818 0.795723608818 0.795723608818 0.795723608818 0.795723608818 0.795723608818 0.795723608818 0.795723608818 0.795723608818 0.795723608818 0.795723608818 0.795723608818 0.795723608818 0.795723608818 0.795723608818 0.795723608818 0.795723608818 0.795723608818 0.795723608818 0.795723608818 0.795723608818 0.795723608818 0.795723608818 
