#1
float table2D_1(11,38)
0.0 0.0 10.0 20.0 30.0 40.0 50.0 60.0 70.0 80.0 90.0 100.0 110.0 120.0 130.0 140.0 150.0 160.0 170.0 180.0 190.0 200.0 210.0 220.0 230.0 240.0 250.0 260.0 270.0 280.0 290.0 300.0 310.0 320.0 330.0 340.0 350.0 360.0 
0.0 0.0 0.0 0.0 0.0 0.0 0.0 0.0 0.0 0.0 0.0 0.0 0.0 0.0 0.0 0.0 0.0 0.0 0.0 0.0 0.0 0.0 0.0 0.0 0.0 0.0 0.0 0.0 0.0 0.0 0.0 0.0 0.0 0.0 0.0 0.0 0.0 0.0 
10.0 1.0 1.0 0.999931020211 0.998232689995 0.996054566706 0.995875530855 0.993501889316 0.998074651174 0.998885735226 0.992366423628 0.985708586001 0.992939397976 0.999200527132 0.998095776988 0.998239582825 0.999229738863 0.99790381963 0.998704788562 0.999662622173 0.999115018142 0.99750776697 0.999286837536 0.99818609956 0.997967726509 0.995118086662 0.986960267992 0.98291384513 0.992847620186 0.999121321241 0.998201622418 0.99348575188 0.996603173043 0.99662803958 0.998979057625 1.0 1.0 1.0 
20.0 1.0 1.0 0.999925177703 0.999208799729 0.997446996939 0.995560371262 0.996929334278 0.999512349506 0.99879093837 0.99277650353 0.990668226716 0.99024277867 0.992008460694 0.994305660298 0.99591327774 0.996394371402 0.997619819718 0.998419019615 0.998426674374 0.998375324371 0.996672480176 0.995257497432 0.994021962121 0.993031872056 0.991404916627 0.990519670605 0.988829902639 0.994252716889 0.999225762456 0.999367378731 0.998262505988 0.997304310441 0.998471559689 0.999856320338 0.999925705795 1.0 1.0 
30.0 1.0 1.0 0.999933620976 0.999811345708 0.999089910863 0.997693802551 0.998202512095 0.998906586752 0.997890625734 0.995591677823 0.99392398575 0.991717935124 0.994155402211 0.994055814535 0.994761977418 0.996068753058 0.997815890406 0.997381565757 0.998100858403 0.997024972933 0.997117042582 0.996218209295 0.994302165926 0.993798381656 0.993761955715 0.993741892332 0.993692048837 0.99481873999 0.997155318431 0.998491681503 0.997222081071 0.998054967239 0.999349140649 0.999628026636 0.999890012257 1.0 1.0 
40.0 1.0 1.0 0.999901946193 0.999771160477 0.998792731145 0.998584647165 0.997931599171 0.997088450325 0.996315968443 0.996557420988 0.995308433813 0.995337396797 0.995698200065 0.996367264598 0.996842036112 0.997978106248 0.998038317757 0.998403266137 0.998834359535 0.997960449194 0.997507067289 0.997554527694 0.996672486081 0.996755109883 0.996382364089 0.995419523469 0.996231741665 0.996078348404 0.997220216161 0.998268920955 0.998151586782 0.999418164747 0.999338285485 0.999546951445 0.999883245768 0.999648856083 0.999819475107 
50.0 0.999563159944 0.99978427559 0.999679018054 0.999634247816 0.999279368574 0.999110226036 0.99849637779 0.998432037471 0.997906664167 0.997156467482 0.99688027644 0.997235165355 0.997397561042 0.997755786164 0.998232778725 0.998768185769 0.999169374467 0.999421382411 0.998997571209 0.999026876094 0.998997761331 0.99846182872 0.997739378658 0.997713696862 0.997477659338 0.997841224553 0.998159443148 0.99807230822 0.997872972092 0.998316320101 0.998909556649 0.999201942204 0.999626099208 0.999051866208 0.999407996129 0.999512058001 0.99945423697 
60.0 0.999648972833 0.99930376242 0.999751718777 0.999466634912 0.999375147686 0.999060193152 0.998917325507 0.998764914166 0.998751749889 0.998822498106 0.998818654565 0.998601382467 0.999096899102 0.998994746852 0.999170122674 0.999400121408 0.999555078223 0.999631932097 0.999779873051 0.999487290907 0.999372308215 0.999369758706 0.99898042318 0.999046483938 0.998870861105 0.998902515791 0.999258763402 0.998399185034 0.998583250372 0.998801013268 0.999226810631 0.999117154595 0.999179837603 0.999319946541 0.999449414544 0.999300085331 0.999497771109 
70.0 0.998899752921 0.998986439849 0.999497049409 0.999047882972 0.999228907483 0.999601524605 0.998942965742 0.999355612319 0.99937048966 0.999045339389 0.999343585652 0.999687099147 0.999560784283 0.999651502349 0.999845863725 0.999846334061 0.999886206578 0.999886094634 0.999886438334 0.999962553829 0.999812204085 0.999698555193 0.999390242654 0.999652260674 0.999365558645 0.999203180833 0.99928110067 0.999418984919 0.999416512512 0.999059436673 0.999166671158 0.998937609936 0.998974430191 0.999216350967 0.99913034706 0.999256026643 0.999220092254 
80.0 0.999315930193 0.999261267032 0.99880795882 0.999112674202 0.999323126891 0.999407803957 0.999365736194 0.99912525054 0.999504497556 0.999382237769 0.999591002431 0.999642512044 0.999723040345 0.999682916671 0.999607182121 0.999920228181 0.999804938975 0.999960853396 0.999802903025 0.999921491658 0.999773160012 0.999881959663 0.999804094349 0.999719412613 0.999521312349 0.99979608403 0.999473628523 0.999711551514 0.999504715738 0.999453181365 0.999205972185 0.999070030166 0.999531702775 0.999241263424 0.999436986249 0.999053073913 0.999219829841 
90.0 0.999712756793 0.999712756793 0.999712756793 0.999712756793 0.999712756793 0.999712756793 0.999712756793 0.999712756793 0.999712756793 0.999712756793 0.999712756793 0.999712756793 0.999712756793 0.999712756793 0.999712756793 0.999712756793 0.999712756793 0.999712756793 0.999712756793 0.999712756793 0.999712756793 0.999712756793 0.999712756793 0.999712756793 0.999712756793 0.999712756793 0.999712756793 0.999712756793 0.999712756793 0.999712756793 0.999712756793 0.999712756793 0.999712756793 0.999712756793 0.999712756793 0.999712756793 0.999712756793 
